!MP2 ZORA-DEF2-TZVP def2-TZVP/C DLPNO-CCSD(T)
* xyz 3 1
	La 0.976930 -0.001413 -0.000054 newgto "SARC-ZORA-TZVP" end
	H : -3.493413 -0.394249 0.955881
	H : -3.514194 -0.688159 -0.767231
	C : -3.168011 -0.001487 -0.003951
	C : -1.692495 0.009963 -0.003841
	O : -0.996907 1.074832 0.001012
	O : -0.997643 -1.059868 0.000841
	H : -3.557966 0.992395 -0.153668
*