%Mem=16GB
%NProc=8
%Chk=la_amide_005_cp.chk

#p MP2/Def2QZVP wB97XD nosymm MaxDisk=1000GB Counterpoise=2

la_amide_005

	3,1 3,1 0,1
	La(Fragment=1) -1.266293 -0.011397 -0.000010
	O(Fragment=2) 0.851283 0.144292 0.000125
	N(Fragment=2) 2.838439 1.160347 -0.000041
	H(Fragment=2) 3.481724 -1.335973 0.878659
	H(Fragment=2) 3.482897 -1.335390 -0.877903
	H(Fragment=2) 3.843028 1.137976 -0.000174
	C(Fragment=2) 2.849119 -1.257759 -0.000025
	H(Fragment=2) 2.134609 -2.065317 -0.000763
	H(Fragment=2) 2.417721 2.068445 0.000062
	C(Fragment=2) 2.174115 0.074948 0.000018


