!MP2 ZORA-DEF2-TZVP def2-TZVP/C DLPNO-CCSD(T)
* xyz 3 1
	La 4.278527 2.755739 1.126851 newgto "SARC-ZORA-TZVP" end
	O : 1.696548 -1.887204 -0.612256
	N : 1.574913 -4.000527 -1.403843
	H : -0.916104 -3.715153 -0.354320
	H : -0.916105 -3.095880 -2.007618
	H : 1.045708 -4.824191 -1.712363
	C : -0.535935 -2.919575 -0.998951
	H : -0.902981 -1.968860 -0.642843
	H : 2.589558 -4.064245 -1.427710
	C : 0.955199 -2.969697 -1.017725
*