%Mem=16GB
%NProc=8
%Chk=la_amide_001_cp.chk

#p MP2/Def2QZVP wB97XD nosymm MaxDisk=1000GB Counterpoise=2

la_amide_001

	3,1 3,1 0,1
	La(Fragment=1) -1.266293 -0.011397 -0.000010
	O(Fragment=2) 0.053436 0.085633 0.000074
	N(Fragment=2) 2.040592 1.101688 -0.000092
	H(Fragment=2) 2.683877 -1.394632 0.878608
	H(Fragment=2) 2.685050 -1.394049 -0.877954
	H(Fragment=2) 3.045181 1.079317 -0.000225
	C(Fragment=2) 2.051272 -1.316418 -0.000076
	H(Fragment=2) 1.336762 -2.123976 -0.000814
	H(Fragment=2) 1.619874 2.009786 0.000011
	C(Fragment=2) 1.376268 0.016289 -0.000033


