!MP2 ZORA-DEF2-TZVP def2-TZVP/C DLPNO-CCSD(T)
* xyz 3 1
	La 4.278527 2.755739 1.126851 newgto "SARC-ZORA-TZVP" end
	O : 3.497931 1.352062 0.601076
	N : 3.376295 -0.761260 -0.190511
	H : 0.885278 -0.475887 0.859012
	H : 0.885278 0.143387 -0.794286
	H : 2.847091 -1.584924 -0.499031
	C : 1.265447 0.319691 0.214381
	H : 0.898402 1.270406 0.570489
	H : 4.390941 -0.824978 -0.214378
	C : 2.756582 0.269570 0.195607
*