%Mem=16GB
%NProc=8
%Chk=la_amide_008_cp.chk

#p MP2/Def2QZVP wB97XD nosymm MaxDisk=1000GB Counterpoise=2

la_amide_008

	3,1 3,1 0,1
	La(Fragment=1) -1.266293 -0.011397 -0.000010
	O(Fragment=2) 1.449668 0.188287 0.000163
	N(Fragment=2) 3.436824 1.204342 -0.000003
	H(Fragment=2) 4.080109 -1.291978 0.878697
	H(Fragment=2) 4.081282 -1.291395 -0.877865
	H(Fragment=2) 4.441413 1.181971 -0.000136
	C(Fragment=2) 3.447504 -1.213764 0.000013
	H(Fragment=2) 2.732994 -2.021322 -0.000725
	H(Fragment=2) 3.016106 2.112440 0.000100
	C(Fragment=2) 2.772500 0.118943 0.000056


