%Mem=16GB
%NProc=8
%Chk=la_amide_017_cp.chk

#p MP2/Def2QZVP wB97XD nosymm MaxDisk=1000GB Counterpoise=2

la_amide_017

	3,1 3,1 0,1
	La(Fragment=1) -1.266293 -0.011397 -0.000010
	O(Fragment=2) 5.339170 0.474252 0.000411
	N(Fragment=2) 7.326326 1.490307 0.000245
	H(Fragment=2) 7.969611 -1.006013 0.878945
	H(Fragment=2) 7.970784 -1.005430 -0.877617
	H(Fragment=2) 8.330915 1.467936 0.000112
	C(Fragment=2) 7.337006 -0.927799 0.000261
	H(Fragment=2) 6.622496 -1.735357 -0.000477
	H(Fragment=2) 6.905608 2.398405 0.000348
	C(Fragment=2) 6.662002 0.404908 0.000304


