%Mem=16GB
%NProc=8
%Chk=la_amide_003_cp.chk

#p MP2/Def2QZVP wB97XD nosymm MaxDisk=1000GB Counterpoise=2

la_amide_003

	3,1 3,1 0,1
	La(Fragment=1) -1.266293 -0.011397 -0.000010
	O(Fragment=2) 0.452360 0.114962 0.000100
	N(Fragment=2) 2.439516 1.131017 -0.000066
	H(Fragment=2) 3.082801 -1.365303 0.878634
	H(Fragment=2) 3.083974 -1.364720 -0.877928
	H(Fragment=2) 3.444105 1.108646 -0.000199
	C(Fragment=2) 2.450196 -1.287089 -0.000050
	H(Fragment=2) 1.735686 -2.094647 -0.000788
	H(Fragment=2) 2.018798 2.039115 0.000037
	C(Fragment=2) 1.775192 0.045618 -0.000007


