%Mem=16GB
%NProc=8
%Chk=la_amide_015_cp.chk

#p MP2/Def2QZVP wB97XD nosymm MaxDisk=1000GB Counterpoise=2

la_amide_015

	3,1 3,1 0,1
	La(Fragment=1) -1.266293 -0.011397 -0.000010
	O(Fragment=2) 4.341862 0.400927 0.000348
	N(Fragment=2) 6.329018 1.416982 0.000182
	H(Fragment=2) 6.972303 -1.079338 0.878882
	H(Fragment=2) 6.973476 -1.078755 -0.877680
	H(Fragment=2) 7.333607 1.394611 0.000049
	C(Fragment=2) 6.339698 -1.001124 0.000198
	H(Fragment=2) 5.625188 -1.808682 -0.000540
	H(Fragment=2) 5.908300 2.325080 0.000285
	C(Fragment=2) 5.664694 0.331583 0.000241


