!MP2 ZORA-DEF2-TZVP def2-TZVP/C DLPNO-CCSD(T)
* xyz 3 1
	La 1.177266 0.024240 -0.004059 newgto "SARC-ZORA-TZVP" end
	H : -3.893161 0.932347 0.939883
	H : -4.108422 0.665452 -0.782223
	C : -3.381077 0.904185 -0.016802
	C : -2.369036 -0.191977 0.020240
	O : -0.998982 0.300037 0.057122
	O : -2.479600 -1.341597 -0.002309
	H : -2.921662 1.858954 -0.212554
*