%Mem=16GB
%NProc=8
%Chk=la_amide_018_cp.chk

#p MP2/Def2QZVP wB97XD nosymm MaxDisk=1000GB Counterpoise=2

la_amide_018

	3,1 3,1 0,1
	La(Fragment=1) -1.266293 -0.011397 -0.000010
	O(Fragment=2) 5.837824 0.510914 0.000443
	N(Fragment=2) 7.824980 1.526969 0.000277
	H(Fragment=2) 8.468265 -0.969351 0.878977
	H(Fragment=2) 8.469438 -0.968768 -0.877585
	H(Fragment=2) 8.829569 1.504598 0.000144
	C(Fragment=2) 7.835660 -0.891137 0.000293
	H(Fragment=2) 7.121150 -1.698695 -0.000445
	H(Fragment=2) 7.404262 2.435067 0.000380
	C(Fragment=2) 7.160656 0.441570 0.000336


