%Mem=16GB
%NProc=8
%Chk=la_amide_019_cp.chk

#p MP2/Def2QZVP wB97XD nosymm MaxDisk=1000GB Counterpoise=2

la_amide_019

	3,1 3,1 0,1
	La(Fragment=1) -1.266293 -0.011397 -0.000010
	O(Fragment=2) 6.336478 0.547576 0.000475
	N(Fragment=2) 8.323634 1.563631 0.000309
	H(Fragment=2) 8.966919 -0.932689 0.879009
	H(Fragment=2) 8.968092 -0.932106 -0.877553
	H(Fragment=2) 9.328223 1.541260 0.000176
	C(Fragment=2) 8.334314 -0.854475 0.000325
	H(Fragment=2) 7.619804 -1.662033 -0.000413
	H(Fragment=2) 7.902916 2.471729 0.000412
	C(Fragment=2) 7.659310 0.478232 0.000368


