!MP2 ZORA-DEF2-TZVP def2-TZVP/C DLPNO-CCSD(T)
* xyz 3 1
	La 1.177266 0.024240 -0.004059 newgto "SARC-ZORA-TZVP" end
	H : -3.595657 0.894644 0.931519
	H : -3.810918 0.627749 -0.790587
	C : -3.083573 0.866482 -0.025166
	C : -2.071532 -0.229680 0.011876
	O : -0.701478 0.262334 0.048758
	O : -2.182096 -1.379300 -0.010673
	H : -2.624158 1.821251 -0.220918
*