%Mem=16GB
%NProc=8
%Chk=la_amide_016_cp.chk

#p MP2/Def2QZVP wB97XD nosymm MaxDisk=1000GB Counterpoise=2

la_amide_016

	3,1 3,1 0,1
	La(Fragment=1) -1.266293 -0.011397 -0.000010
	O(Fragment=2) 4.840516 0.437589 0.000379
	N(Fragment=2) 6.827672 1.453644 0.000213
	H(Fragment=2) 7.470957 -1.042676 0.878913
	H(Fragment=2) 7.472130 -1.042093 -0.877649
	H(Fragment=2) 7.832261 1.431273 0.000080
	C(Fragment=2) 6.838352 -0.964462 0.000229
	H(Fragment=2) 6.123842 -1.772020 -0.000509
	H(Fragment=2) 6.406954 2.361742 0.000316
	C(Fragment=2) 6.163348 0.368245 0.000272


