!MP2 ZORA-DEF2-TZVP def2-TZVP/C DLPNO-CCSD(T)
* xyz 3 1
	La 4.278527 2.755739 1.126851 newgto "SARC-ZORA-TZVP" end
	O : 2.851280 0.189248 0.165521
	N : 2.729645 -1.924074 -0.626066
	H : 0.238628 -1.638700 0.423457
	H : 0.238628 -1.019427 -1.229841
	H : 2.200441 -2.747738 -0.934586
	C : 0.618797 -0.843122 -0.221174
	H : 0.251752 0.107593 0.134934
	H : 3.744291 -1.987792 -0.649933
	C : 2.109932 -0.893244 -0.239948
*