%Mem=16GB
%NProc=8
%Chk=la_amide_009_cp.chk

#p MP2/Def2QZVP wB97XD nosymm MaxDisk=1000GB Counterpoise=2

la_amide_009

	3,1 3,1 0,1
	La(Fragment=1) -1.266293 -0.011397 -0.000010
	O(Fragment=2) 1.649130 0.202951 0.000176
	N(Fragment=2) 3.636286 1.219006 0.000010
	H(Fragment=2) 4.279571 -1.277314 0.878710
	H(Fragment=2) 4.280744 -1.276731 -0.877852
	H(Fragment=2) 4.640875 1.196635 -0.000123
	C(Fragment=2) 3.646966 -1.199100 0.000026
	H(Fragment=2) 2.932456 -2.006658 -0.000712
	H(Fragment=2) 3.215568 2.127104 0.000113
	C(Fragment=2) 2.971962 0.133607 0.000069


