%Mem=16GB
%NProc=8
%Chk=la_amide_020_cp.chk

#p MP2/Def2QZVP wB97XD nosymm MaxDisk=1000GB Counterpoise=2

la_amide_020

	3,1 3,1 0,1
	La(Fragment=1) -1.266293 -0.011397 -0.000010
	O(Fragment=2) 6.835132 0.584238 0.000506
	N(Fragment=2) 8.822288 1.600293 0.000340
	H(Fragment=2) 9.465573 -0.896027 0.879040
	H(Fragment=2) 9.466746 -0.895444 -0.877522
	H(Fragment=2) 9.826877 1.577922 0.000207
	C(Fragment=2) 8.832968 -0.817813 0.000356
	H(Fragment=2) 8.118458 -1.625371 -0.000382
	H(Fragment=2) 8.401570 2.508391 0.000443
	C(Fragment=2) 8.157964 0.514894 0.000399


