!MP2 ZORA-DEF2-TZVP def2-TZVP/C DLPNO-CCSD(T)
* xyz 3 1
	La 1.177266 0.024240 -0.004059 newgto "SARC-ZORA-TZVP" end
	H : -4.289833 0.982618 0.951034
	H : -4.505094 0.715723 -0.771072
	C : -3.777749 0.954456 -0.005651
	C : -2.765708 -0.141706 0.031391
	O : -1.395654 0.350308 0.068273
	O : -2.876272 -1.291326 0.008842
	H : -3.318334 1.909225 -0.201403
*