%Mem=16GB
%NProc=8
%Chk=la_amide_002_cp.chk

#p MP2/Def2QZVP wB97XD nosymm MaxDisk=1000GB Counterpoise=2

la_amide_002

	3,1 3,1 0,1
	La(Fragment=1) -1.266293 -0.011397 -0.000010
	O(Fragment=2) 0.252898 0.100297 0.000087
	N(Fragment=2) 2.240054 1.116352 -0.000079
	H(Fragment=2) 2.883339 -1.379968 0.878621
	H(Fragment=2) 2.884512 -1.379385 -0.877941
	H(Fragment=2) 3.244643 1.093981 -0.000212
	C(Fragment=2) 2.250734 -1.301754 -0.000063
	H(Fragment=2) 1.536224 -2.109312 -0.000801
	H(Fragment=2) 1.819336 2.024450 0.000024
	C(Fragment=2) 1.575730 0.030953 -0.000020


