!MP2 ZORA-DEF2-TZVP def2-TZVP/C DLPNO-CCSD(T)
* xyz 3 1
	La 4.278527 2.755739 1.126851 newgto "SARC-ZORA-TZVP" end
	O : 3.313173 1.019830 0.476632
	N : 3.191538 -1.093493 -0.314955
	H : 0.700521 -0.808119 0.734567
	H : 0.700521 -0.188846 -0.918730
	H : 2.662334 -1.917157 -0.623475
	C : 1.080690 -0.012541 0.089937
	H : 0.713645 0.938174 0.446045
	H : 4.206184 -1.157211 -0.338822
	C : 2.571825 -0.062663 0.071163
*