%Mem=16GB
%NProc=8
%Chk=la_amide_006_cp.chk

#p MP2/Def2QZVP wB97XD nosymm MaxDisk=1000GB Counterpoise=2

la_amide_006

	3,1 3,1 0,1
	La(Fragment=1) -1.266293 -0.011397 -0.000010
	O(Fragment=2) 1.050745 0.158957 0.000138
	N(Fragment=2) 3.037901 1.175012 -0.000028
	H(Fragment=2) 3.681186 -1.321308 0.878672
	H(Fragment=2) 3.682359 -1.320725 -0.877890
	H(Fragment=2) 4.042490 1.152641 -0.000161
	C(Fragment=2) 3.048581 -1.243094 -0.000012
	H(Fragment=2) 2.334071 -2.050652 -0.000750
	H(Fragment=2) 2.617183 2.083110 0.000075
	C(Fragment=2) 2.373577 0.089613 0.000031


