!MP2 ZORA-DEF2-TZVP def2-TZVP/C DLPNO-CCSD(T)
* xyz 3 1
	La 4.278527 2.755739 1.126851 newgto "SARC-ZORA-TZVP" end
	O : 3.266984 0.936771 0.445521
	N : 3.145349 -1.176551 -0.346066
	H : 0.654332 -0.891177 0.703456
	H : 0.654331 -0.271904 -0.949841
	H : 2.616144 -2.000215 -0.654586
	C : 1.034501 -0.095599 0.058826
	H : 0.667455 0.855116 0.414934
	H : 4.159995 -1.240269 -0.369933
	C : 2.525635 -0.145721 0.040052
*