!MP2 ZORA-DEF2-TZVP def2-TZVP/C DLPNO-CCSD(T)
* xyz 3 1
	La 4.278527 2.755739 1.126851 newgto "SARC-ZORA-TZVP" end
	O : 1.003709 -3.133076 -1.078922
	N : 0.882073 -5.246398 -1.870509
	H : -1.608944 -4.961025 -0.820986
	H : -1.608944 -4.341751 -2.474284
	H : 0.352869 -6.070063 -2.179029
	C : -1.228775 -4.165447 -1.465617
	H : -1.595820 -3.214732 -1.109509
	H : 1.896719 -5.310117 -1.894376
	C : 0.262360 -4.215568 -1.484391
*