!MP2 ZORA-DEF2-TZVP def2-TZVP/C DLPNO-CCSD(T)
* xyz 3 1
	La 0.976930 -0.001413 -0.000054 newgto "SARC-ZORA-TZVP" end
	H : -2.876576 -0.397028 0.955575
	H : -2.897357 -0.690938 -0.767537
	C : -2.551174 -0.004266 -0.004257
	C : -1.075658 0.007184 -0.004147
	O : -0.380070 1.072053 0.000706
	O : -0.380806 -1.062647 0.000535
	H : -2.941129 0.989616 -0.153974
*