!MP2 ZORA-DEF2-TZVP def2-TZVP/C DLPNO-CCSD(T)
* xyz 3 1
	La 1.177266 0.024240 -0.004059 newgto "SARC-ZORA-TZVP" end
	H : -3.099817 0.831806 0.917580
	H : -3.315078 0.564911 -0.804526
	C : -2.587733 0.803644 -0.039105
	C : -1.575692 -0.292518 -0.002063
	O : -0.205638 0.199496 0.034819
	O : -1.686256 -1.442138 -0.024612
	H : -2.128318 1.758413 -0.234857
*