%Mem=16GB
%NProc=8
%Chk=la_amide_010_cp.chk

#p MP2/Def2QZVP wB97XD nosymm MaxDisk=1000GB Counterpoise=2

la_amide_010

	3,1 3,1 0,1
	La(Fragment=1) -1.266293 -0.011397 -0.000010
	O(Fragment=2) 1.848591 0.217616 0.000189
	N(Fragment=2) 3.835747 1.233671 0.000023
	H(Fragment=2) 4.479032 -1.262649 0.878723
	H(Fragment=2) 4.480205 -1.262066 -0.877839
	H(Fragment=2) 4.840336 1.211300 -0.000110
	C(Fragment=2) 3.846427 -1.184435 0.000039
	H(Fragment=2) 3.131917 -1.991993 -0.000699
	H(Fragment=2) 3.415029 2.141769 0.000126
	C(Fragment=2) 3.171423 0.148272 0.000082


