%Mem=16GB
%NProc=8
%Chk=la_amide_004_cp.chk

#p MP2/Def2QZVP wB97XD nosymm MaxDisk=1000GB Counterpoise=2

la_amide_004

	3,1 3,1 0,1
	La(Fragment=1) -1.266293 -0.011397 -0.000010
	O(Fragment=2) 0.651821 0.129627 0.000112
	N(Fragment=2) 2.638977 1.145682 -0.000054
	H(Fragment=2) 3.282262 -1.350638 0.878646
	H(Fragment=2) 3.283435 -1.350055 -0.877916
	H(Fragment=2) 3.643566 1.123311 -0.000187
	C(Fragment=2) 2.649657 -1.272424 -0.000038
	H(Fragment=2) 1.935147 -2.079982 -0.000776
	H(Fragment=2) 2.218259 2.053780 0.000049
	C(Fragment=2) 1.974653 0.060283 0.000005


