!MP2 ZORA-DEF2-TZVP def2-TZVP/C DLPNO-CCSD(T)
* xyz 3 1
	La 4.278527 2.755739 1.126851 newgto "SARC-ZORA-TZVP" end
	O : 3.590309 1.518178 0.663298
	N : 3.468674 -0.595144 -0.128289
	H : 0.977657 -0.309770 0.921234
	H : 0.977657 0.309503 -0.732064
	H : 2.939469 -1.418808 -0.436809
	C : 1.357826 0.485808 0.276603
	H : 0.990781 1.436522 0.632711
	H : 4.483320 -0.658862 -0.152156
	C : 2.848960 0.435686 0.257829
*