%Mem=16GB
%NProc=8
%Chk=la_amide_007_cp.chk

#p MP2/Def2QZVP wB97XD nosymm MaxDisk=1000GB Counterpoise=2

la_amide_007

	3,1 3,1 0,1
	La(Fragment=1) -1.266293 -0.011397 -0.000010
	O(Fragment=2) 1.250206 0.173622 0.000150
	N(Fragment=2) 3.237362 1.189677 -0.000016
	H(Fragment=2) 3.880647 -1.306643 0.878684
	H(Fragment=2) 3.881820 -1.306060 -0.877878
	H(Fragment=2) 4.241951 1.167306 -0.000149
	C(Fragment=2) 3.248042 -1.228429 0.000000
	H(Fragment=2) 2.533532 -2.035987 -0.000738
	H(Fragment=2) 2.816644 2.097775 0.000087
	C(Fragment=2) 2.573038 0.104278 0.000043


