!MP2 ZORA-DEF2-TZVP def2-TZVP/C DLPNO-CCSD(T)
* xyz 3 1
	La 4.278527 2.755739 1.126851 newgto "SARC-ZORA-TZVP" end
	O : 2.158441 -1.056623 -0.301145
	N : 2.036806 -3.169946 -1.092732
	H : -0.454211 -2.884572 -0.043209
	H : -0.454212 -2.265299 -1.696507
	H : 1.507601 -3.993610 -1.401252
	C : -0.074042 -2.088994 -0.687840
	H : -0.441088 -1.138279 -0.331732
	H : 3.051451 -3.233664 -1.116599
	C : 1.417092 -2.139115 -0.706614
*