%Mem=16GB
%NProc=8
%Chk=la_amide_014_cp.chk

#p MP2/Def2QZVP wB97XD nosymm MaxDisk=1000GB Counterpoise=2

la_amide_014

	3,1 3,1 0,1
	La(Fragment=1) -1.266293 -0.011397 -0.000010
	O(Fragment=2) 3.843207 0.364265 0.000316
	N(Fragment=2) 5.830363 1.380320 0.000150
	H(Fragment=2) 6.473648 -1.116000 0.878850
	H(Fragment=2) 6.474821 -1.115417 -0.877712
	H(Fragment=2) 6.834952 1.357949 0.000017
	C(Fragment=2) 5.841043 -1.037786 0.000166
	H(Fragment=2) 5.126533 -1.845344 -0.000572
	H(Fragment=2) 5.409645 2.288418 0.000253
	C(Fragment=2) 5.166039 0.294921 0.000209


