!MP2 ZORA-DEF2-TZVP def2-TZVP/C DLPNO-CCSD(T)
* xyz 3 1
	La 0.976930 -0.001413 -0.000054 newgto "SARC-ZORA-TZVP" end
	H : -3.934011 -0.392264 0.956100
	H : -3.954792 -0.686174 -0.767012
	C : -3.608609 0.000498 -0.003732
	C : -2.133093 0.011948 -0.003622
	O : -1.437505 1.076817 0.001231
	O : -1.438241 -1.057883 0.001060
	H : -3.998564 0.994380 -0.153449
*