%Mem=16GB
%NProc=8
%Chk=la_amide_000_cp.chk

#p MP2/Def2QZVP wB97XD nosymm MaxDisk=1000GB Counterpoise=2

la_amide_000

	3,1 3,1 0,1
	La(Fragment=1) -1.266293 -0.011397 -0.000010
	O(Fragment=2) -0.146025 0.070968 0.000061
	N(Fragment=2) 1.841131 1.087023 -0.000105
	H(Fragment=2) 2.484416 -1.409297 0.878595
	H(Fragment=2) 2.485589 -1.408714 -0.877967
	H(Fragment=2) 2.845720 1.064652 -0.000238
	C(Fragment=2) 1.851811 -1.331083 -0.000089
	H(Fragment=2) 1.137301 -2.138641 -0.000827
	H(Fragment=2) 1.420413 1.995121 -0.000002
	C(Fragment=2) 1.176807 0.001624 -0.000046


