!MP2 ZORA-DEF2-TZVP def2-TZVP/C DLPNO-CCSD(T)
* xyz 3 1
	La 4.278527 2.755739 1.126851 newgto "SARC-ZORA-TZVP" end
	O : 3.036038 0.521481 0.289965
	N : 2.914402 -1.591841 -0.501622
	H : 0.423385 -1.306468 0.547901
	H : 0.423385 -0.687194 -1.105397
	H : 2.385198 -2.415506 -0.810142
	C : 0.803555 -0.510890 -0.096730
	H : 0.436509 0.439825 0.259378
	H : 3.929048 -1.655559 -0.525489
	C : 2.294689 -0.561011 -0.115504
*